20130101 20130101 2013 0 1
20130102 20130102 2013 0 1
20130103 20130103 2013 0 1
20130104 20130104 2013 0 1
20130105 20130105 2013 0 1
20130106 20130106 2013 0 1
20130107 20130107 2013 0 1
20130108 20130108 2013 0 1
20130109 20130109 2013 0 1
20130110 20130110 2013 0 1
20130111 20130111 2013 0 1
20130112 20130112 2013 0 1
20130113 20130113 2013 0 1
20130114 20130114 2013 0 1
20130115 20130115 2013 0 1
20130116 20130116 2013 0 1
20130117 20130117 2013 0 1
20130118 20130118 2013 0 1
20130119 20130119 2013 0 1
20130120 20130120 2013 0 1
20130121 20130121 2013 0 1
20130201 20130201 2013 0 2
20130202 20130202 2013 0 2
20130203 20130203 2013 0 2
20130204 20130204 2013 0 2
20130205 20130205 2013 0 2
20130206 20130206 2013 0 2
20130207 20130207 2013 0 2
20130208 20130208 2013 0 2
20130209 20130209 2013 0 2
20130210 20130210 2013 0 2
20130211 20130211 2013 0 2
20130212 20130212 2013 0 2
20130213 20130213 2013 0 2
20130214 20130214 2013 0 2
20130215 20130215 2013 0 2
20130216 20130216 2013 0 2
20130217 20130217 2013 0 2
20130218 20130218 2013 0 2
20130219 20130219 2013 0 2
20130220 20130220 2013 0 2
20130221 20130221 2013 0 2
20130301 20130301 2013 0 3
20130302 20130302 2013 0 3
20130303 20130303 2013 0 3
20130304 20130304 2013 0 3
20130305 20130305 2013 0 3
20130306 20130306 2013 0 3
20130307 20130307 2013 0 3
20130308 20130308 2013 0 3
20130309 20130309 2013 0 3
20130310 20130310 2013 0 3
20130311 20130311 2013 0 3
20130312 20130312 2013 0 3
20130313 20130313 2013 0 3
20130314 20130314 2013 0 3
20130315 20130315 2013 0 3
20130316 20130316 2013 0 3
20130317 20130317 2013 0 3
20130318 20130318 2013 0 3
20130319 20130319 2013 0 3
20130320 20130320 2013 0 3
20130321 20130321 2013 0 3
20130401 20130401 2013 0 4
20130402 20130402 2013 0 4
20130403 20130403 2013 0 4
20130404 20130404 2013 0 4
20130405 20130405 2013 0 4
20130406 20130406 2013 0 4
20130407 20130407 2013 0 4
20130408 20130408 2013 0 4
20130409 20130409 2013 0 4
20130410 20130410 2013 0 4
20130411 20130411 2013 0 4
20130412 20130412 2013 0 4
20130413 20130413 2013 0 4
20130414 20130414 2013 0 4
20130415 20130415 2013 0 4
20130416 20130416 2013 0 4
20130417 20130417 2013 0 4
20130418 20130418 2013 0 4
20130419 20130419 2013 0 4
20130420 20130420 2013 0 4
20130421 20130421 2013 0 4
20130422 20130422 2013 0 4
20130423 20130423 2013 0 4
20140101 20140101 2014 0 1
20140102 20140102 2014 0 1
20140103 20140103 2014 0 1
20140104 20140104 2014 0 1
20140105 20140105 2014 0 1
20140106 20140106 2014 0 1
20140107 20140107 2014 0 1
20140108 20140108 2014 0 1
20140109 20140109 2014 0 1
20140110 20140110 2014 0 1
20140111 20140111 2014 0 1
20140112 20140112 2014 0 1
20140113 20140113 2014 0 1
20140114 20140114 2014 0 1
20140115 20140115 2014 0 1
20140116 20140116 2014 0 1
20140117 20140117 2014 0 1
20140118 20140118 2014 0 1
20140119 20140119 2014 0 1
20140120 20140120 2014 0 1
20140121 20140121 2014 0 1
20140122 20140122 2014 0 1
20140123 20140123 2014 0 1
20140124 20140124 2014 0 1
20140125 20140125 2014 0 1
20140201 20140201 2014 0 2
20140202 20140202 2014 0 2
20140203 20140203 2014 0 2
20140204 20140204 2014 0 2
20140205 20140205 2014 0 2
20140206 20140206 2014 0 2
20140207 20140207 2014 0 2
20140208 20140208 2014 0 2
20140209 20140209 2014 0 2
20140210 20140210 2014 0 2
20140211 20140211 2014 0 2
20140212 20140212 2014 0 2
20140213 20140213 2014 0 2
20140214 20140214 2014 0 2
20140215 20140215 2014 0 2
20140216 20140216 2014 0 2
20140217 20140217 2014 0 2
20140218 20140218 2014 0 2
20140219 20140219 2014 0 2
20140220 20140220 2014 0 2
20140221 20140221 2014 0 2
20140222 20140222 2014 0 2
20140223 20140223 2014 0 2
20140224 20140224 2014 0 2
20140301 20140301 2014 0 3
20140302 20140302 2014 0 3
20140303 20140303 2014 0 3
20140304 20140304 2014 0 3
20140305 20140305 2014 0 3
20140306 20140306 2014 0 3
20140307 20140307 2014 0 3
20140308 20140308 2014 0 3
20140309 20140309 2014 0 3
20140310 20140310 2014 0 3
20140311 20140311 2014 0 3
20140312 20140312 2014 0 3
20140313 20140313 2014 0 3
20140314 20140314 2014 0 3
20140315 20140315 2014 0 3
20140316 20140316 2014 0 3
20140317 20140317 2014 0 3
20140318 20140318 2014 0 3
20140319 20140319 2014 0 3
20140320 20140320 2014 0 3
20140321 20140321 2014 0 3
20140322 20140322 2014 0 3
20140401 20140401 2014 0 4
20140402 20140402 2014 0 4
20140403 20140403 2014 0 4
20140404 20140404 2014 0 4
20140405 20140405 2014 0 4
20140406 20140406 2014 0 4
20140407 20140407 2014 0 4
20140408 20140408 2014 0 4
20140409 20140409 2014 0 4
20140410 20140410 2014 0 4
20140411 20140411 2014 0 4
20140412 20140412 2014 0 4
20140413 20140413 2014 0 4
20140414 20140414 2014 0 4
20140415 20140415 2014 0 4
20140416 20140416 2014 0 4
20140417 20140417 2014 0 4
20140418 20140418 2014 0 4
20140419 20140419 2014 0 4
20140420 20140420 2014 0 4
20150101 20150101 2015 0 1
20150102 20150102 2015 0 1
20150103 20150103 2015 0 1
20150104 20150104 2015 0 1
20150105 20150105 2015 0 1
20150106 20150106 2015 0 1
20150107 20150107 2015 0 1
20150108 20150108 2015 0 1
20150109 20150109 2015 0 1
20150110 20150110 2015 0 1
20150111 20150111 2015 0 1
20150112 20150112 2015 0 1
20150113 20150113 2015 0 1
20150114 20150114 2015 0 1
20150115 20150115 2015 0 1
20150116 20150116 2015 0 1
20150117 20150117 2015 0 1
20150118 20150118 2015 0 1
20150119 20150119 2015 0 1
20150120 20150120 2015 0 1
20150121 20150121 2015 0 1
20150122 20150122 2015 0 1
20150123 20150123 2015 0 1
20150201 20150201 2015 0 2
20150202 20150202 2015 0 2
20150203 20150203 2015 0 2
20150204 20150204 2015 0 2
20150205 20150205 2015 0 2
20150206 20150206 2015 0 2
20150207 20150207 2015 0 2
20150208 20150208 2015 0 2
20150209 20150209 2015 0 2
20150210 20150210 2015 0 2
20150211 20150211 2015 0 2
20150212 20150212 2015 0 2
20150213 20150213 2015 0 2
20150214 20150214 2015 0 2
20150215 20150215 2015 0 2
20150216 20150216 2015 0 2
20150217 20150217 2015 0 2
20150218 20150218 2015 0 2
20150219 20150219 2015 0 2
20150220 20150220 2015 0 2
20150221 20150221 2015 0 2
20150301 20150301 2015 0 3
20150302 20150302 2015 0 3
20150303 20150303 2015 0 3
20150304 20150304 2015 0 3
20150305 20150305 2015 0 3
20150306 20150306 2015 0 3
20150307 20150307 2015 0 3
20150308 20150308 2015 0 3
20150309 20150309 2015 0 3
20150310 20150310 2015 0 3
20150311 20150311 2015 0 3
20150312 20150312 2015 0 3
20150313 20150313 2015 0 3
20150314 20150314 2015 0 3
20150315 20150315 2015 0 3
20150316 20150316 2015 0 3
20150317 20150317 2015 0 3
20150318 20150318 2015 0 3
20150319 20150319 2015 0 3
20150320 20150320 2015 0 3
20150321 20150321 2015 0 3
20150401 20150401 2015 0 4
20150402 20150402 2015 0 4
20150403 20150403 2015 0 4
20150404 20150404 2015 0 4
20150405 20150405 2015 0 4
20150406 20150406 2015 0 4
20150407 20150407 2015 0 4
20150408 20150408 2015 0 4
20150409 20150409 2015 0 4
20150410 20150410 2015 0 4
20150411 20150411 2015 0 4
20150412 20150412 2015 0 4
20150413 20150413 2015 0 4
20150414 20150414 2015 0 4
20150415 20150415 2015 0 4
20150416 20150416 2015 0 4
20150417 20150417 2015 0 4
20150418 20150418 2015 0 4
20150419 20150419 2015 0 4
20150420 20150420 2015 0 4
20150421 20150421 2015 0 4
-1